0.009396530511811012
0.010380782480314949
0.011472687007874002
0.010749876968503925
0.010596087598425185
0.010596087598425185
0.010719119094488173
0.011687992125984238
0.011518823818897624
0.011918676181102348
0.012872170275590535
0.013010580708661401
0.012318528543307073
0.013379675196850379
0.014733021653543291
0.01484067421259841
0.015394315944881871
0.01627091535433069
0.01599409448818896
0.016640009842519666
0.016624630905511792
0.01693220964566927
0.017578124999999983
0.017455093503936987
0.01673228346456691
0.017332062007873995
0.017885703740157462
0.016824557086614157
0.017762672244094467
0.01757812499999998
0.017209030511811007
0.017485851377952735
0.01723978838582675
0.016516978346456674
0.016163262795275572
0.01799335629921258
0.01731668307086612
0.01747047244094486
0.017255167322834622
0.017009104330708645
0.016563115157480296
0.01693220964566927
0.016870693897637776
0.017608882874015727
0.016839936023622028
0.017070620078740138
0.01711675688976376
0.016778420275590532
0.016240157480314942
0.01636318897637793
0.01708599901574801
0.017193651574803126
0.017101377952755882
0.016978346456692897
0.01619402066929132
0.016670767716535417
0.016578494094488173
0.01731668307086612
0.017408956692913365
0.016363188976377938
0.016793799212598406
0.016593873031496047
0.017132135826771637
0.01719365157480313
0.016609251968503914
0.017147514763779508
0.016793799212598406
0.017485851377952735
0.01739357775590549
0.01753198818897636
0.017593503937007853
0.017332062007873995
0.017531988188976357
0.017285925196850373
0.01680917814960628
0.017055241141732264
0.017562746062992105
0.017024483267716516
0.017685777559055097
0.017301304133858247
0.01740895669291337
0.017362819881889747
0.0176242618110236
0.017670398622047223
0.016993725393700764
0.018177903543307065
0.017824187992125966
0.01771653543307085
0.01770115649606297
0.01785494586614171
0.017916461614173207
0.017439714566929113
0.018439345472440923
0.018177903543307065
0.018331692913385805
0.01723978838582675
0.017747293307086597
0.01793184055118108
0.01785494586614171
0.018147145669291317
0.01770115649606297
0.01837782972440943
0.017977977362204703
0.018300935039370057
0.018039493110236202
0.017224409448818877
0.017762672244094467
0.018070250984251947
0.018839197834645646
0.01800873523622045
0.019315944881889743
0.018531619094488166
0.019377460629921236
0.01900836614173226
0.02060777559055116
0.019761934055118086
0.01954662893700785
0.019408218503936984
0.02019254429133856
0.020807701771653517
0.01900836614173226
0.02060777559055116
0.02126906988188974
0.02119217519685037
0.0202848179133858
0.021515132874015724
0.021914985236220447
0.021330585629921236
0.02128444881889761
0.020715428149606276
0.021715059055118086
0.021899606299212573
0.021807332677165326
0.021776574803149578
0.022299458661417297
0.023222194881889736
0.02180733267716533
0.021561269685039346
0.02288385826771651
0.022437869094488163
0.023176058070866114
0.02323757381889761
0.022607037401574777
0.022899237204724383
0.023437499999999972
0.023591289370078712
0.022668553149606273
0.02346825787401572
0.023745078740157452
0.023129921259842492
