5.5678027153015135
4.391121912002563
4.08708381652832
4.0317746758460995
4.0164489388465885
4.007218039035797
4.000888484716415
3.9958862006664275
3.9919283390045166
3.9883340299129486
3.9853230237960817
3.982576435804367
3.980027210712433
3.977624624967575
3.975372165441513
3.973086327314377
3.9707804143428804
3.9684788048267365
3.9658884942531585
3.963354843854904
3.960604727268219
3.957750517129898
3.954641842842102
3.951250034570694
3.9476113975048066
3.943702459335327
3.9394861459732056
3.9351558327674865
3.930295991897583
3.9255972027778627
3.920528620481491
3.915212607383728
3.9097456276416778
3.9043852984905243
3.8987169206142425
3.8932032108306887
3.887876772880554
3.8818256080150606
3.8763256430625916
3.8709477484226227
3.8656156957149506
3.8598243236541747
3.854726529121399
3.8491296768188477
3.8442322492599486
3.8387929022312166
3.834205996990204
3.8291836738586427
3.8240930795669557
3.8195235431194305
3.814828246831894
3.8103217601776125
3.80654616355896
3.801917827129364
3.797606962919235
3.7933485209941864
3.789531594514847
3.785429960489273
3.7814641118049623
3.77755321264267
3.7732586562633514
3.7695318818092347
3.765572798252106
3.7629004240036013
3.7591965556144715
3.755847615003586
3.7520051121711733
3.7485683441162108
3.7458059668540953
3.7422422051429747
3.7387985587120056
3.736365908384323
3.733190804719925
3.729995793104172
3.7269264698028564
3.7236647069454194
3.721451646089554
3.718560403585434
3.715816468000412
3.7125227391719817
3.7098169803619383
3.7073844373226166
3.7048394083976746
3.7019421219825746
3.6992149710655213
3.6962279617786407
3.6939535439014435
3.6916501104831694
3.688681924343109
3.685585671663284
3.6829775869846344
3.6802202224731446
3.6777409076690675
3.67497581243515
3.673253929615021
3.6693917989730833
3.667213666439056
3.664423459768295
3.6618239104747774
3.659085875749588
3.656342643499374
3.652639764547348
3.6495796024799345
3.646072781085968
3.642413717508316
3.6397310972213743
3.635259658098221
3.630656027793884
3.62493577003479
3.6184451937675477
3.613025963306427
3.6041964828968047
3.596609723567963
3.5881424725055693
3.5793709099292754
3.570546019077301
3.560875880718231
3.551253151893616
3.542058825492859
3.5316319525241853
3.5202608346939086
3.5092785716056825
3.498602694272995
3.48732767701149
3.4752871811389925
3.4641204357147215
3.450886756181717
3.439104747772217
3.425701516866684
3.412934237718582
3.3987235188484193
3.3839530110359193
3.3686485588550568
3.3538529574871063
3.33764466047287
3.321837455034256
3.3048705399036407
3.2859524130821227
3.2687318503856657
3.249722218513489
3.2317832887172697
3.2133243083953857
3.1937485218048094
3.1730746626853943
3.152995842695236
3.1333074510097503
3.1133253991603853
3.094521367549896
3.074148017168045
3.0526039600372314
